51
54
55
58
61
62
63
63
64
64
65
67
67
68
68
70
70
71
71
74
76
76
79
79
80
82
83
84
84
92
93
95
95
97
98
99
100
103
104
105
108
109
111
113
119
120
122
123
125
126
127
132
134
134
136
138
138
138
139
139
141
141
143
143
143
144
145
145
146
146
147
147
148
148
149
150
150
152
152
154
154
155
156
157
157
158
159
159
159
160
160
160
161
161
161
162
162
162
163
163
164
165
167
169
172
172
172
173
173
173
173
174
174
174
175
175
175
175
176
176
176
177
180
180
181
182
184
185
187
187
188
189
189
189
190
190
190
191
191
191
192
193
193
194
194
196
197
198
199
203
203
203
204
205
205
206
206
206
207
207
208
209
209
210
210
210
211
213
213
214
214
214
215
218
218
218
220
224
224
225
226
227
228
229
230
230
231
232
233
234
234
235
236
243
243
243
244
244
245
245
246
247
249
255
257
259
259
261
261
261
263
263
264
265
265
276
277
277
278
279
279
282
290
292
292
293
293
295
295
296
297
300
308
311
314
316
316
317
321
322
324
324
325
326
327
328
329
