1
2
5
7
8
9
10
14
18
22
24
25
27
28
31
33
36
38
39
49
50
53
54
58
59
60
61
63
65
68
69
73
75
78
87
88
90
91
92
94
96
97
100
101
102
103
104
105
107
108
109
110
111
112
113
115
116
118
119
120
121
122
123
124
125
128
129
130
131
132
133
134
135
136
137
139
140
141
142
144
145
146
147
148
150
151
152
153
154
155
156
158
159
160
161
162
164
165
167
168
169
170
171
172
174
175
176
177
178
179
180
181
182
183
184
185
186
187
190
191
192
193
194
195
196
197
198
201
202
203
204
205
207
208
209
210
212
213
214
215
218
219
223
224
225
226
227
228
229
230
231
233
235
236
237
238
239
240
243
244
245
246
250
251
252
253
254
255
256
259
261
262
265
266
268
271
273
274
276
277
278
279
280
281
282
283
284
290
291
292
293
294
295
296
297
300
301
302
303
304
305
306
307
310
312
315
316
317
318
319
320
323
324
325
326
327
330
333
335
337
338
340
342
343
344
345
346
347
348
349
350
353
354
355
356
357
358
359
360
361
363
364
367
368
370
371
372
373
374
375
376
378
379
380
383
384
387
388
390
391
392
393
400
401
402
403
404
405
406
407
408
409
410
411
412
413
414
417
418
420
421
422
423
425
426
427
428
429
431
433
435
437
440
441
444
445
446
447
448
455
456
457
458
459
460
461
464
465
468
