1
7
20
21
22
23
24
25
26
27
28
29
30
33
34
35
38
39
40
41
42
43
44
45
50
51
54
57
58
59
63
66
67
69
72
75
76
77
79
80
81
82
84
93
94
95
96
97
98
104
107
108
109
110
112
115
116
117
118
122
123
128
135
140
148
149
152
153
157
161
164
167
168
170
171
175
176
182
184
191
193
194
196
197
198
205
208
209
210
211
215
218
221
229
231
234
236
237
242
243
244
248
249
253
255
259
260
263
264
268
270
271
280
282
285
292
296
297
298
301
302
304
306
308
309
311
316
317
318
320
321
322
323
324
326
329
332
333
334
335
336
337
339
345
346
347
348
349
350
351
352
353
354
355
356
357
358
360
361
363
364
365
366
367
368
369
370
372
374
375
376
377
378
379
380
381
384
385
386
388
390
393
394
395
396
397
398
402
403
404
406
407
409
410
411
413
414
417
418
420
422
423
424
425
426
427
430
431
432
434
436
437
438
439
440
441
442
443
444
445
447
448
449
450
451
452
453
455
456
457
459
460
461
462
463
465
466
469
470
473
474
476
478
479
480
481
482
483
484
485
486
487
488
489
492
493
494
495
496
498
500
501
502
503
504
506
507
509
510
512
514
515
517
519
522
524
528
529
530
531
533
534
535
536
538
539
540
541
543
553
554
555
556
557
558
559
560
561
562
563
564
565
