1
3
4
5
6
7
8
10
11
12
14
15
17
20
22
25
29
31
32
33
34
35
36
39
46
47
48
49
54
59
61
63
64
65
66
67
70
71
72
73
74
83
84
85
87
89
90
91
92
95
96
97
98
99
100
101
102
103
104
105
106
107
109
111
112
113
114
115
118
119
121
122
123
124
125
129
130
131
132
133
135
136
137
138
139
142
144
145
146
152
154
156
157
158
159
160
162
163
164
166
167
169
171
173
174
175
177
178
179
180
181
182
183
184
185
186
187
188
189
190
191
192
193
195
196
197
200
201
202
203
204
206
207
209
211
213
214
217
218
219
223
224
225
226
227
228
229
230
232
235
236
237
239
241
242
243
244
250
252
254
256
257
259
260
261
266
268
269
271
274
275
276
277
278
279
280
281
282
283
284
285
288
289
291
292
293
294
295
297
298
299
300
301
302
304
305
306
308
311
314
316
318
319
320
321
322
323
324
325
326
327
328
330
333
337
340
341
343
345
348
349
350
351
352
353
354
355
357
359
361
362
363
364
365
366
373
374
375
377
378
379
382
383
384
388
389
390
391
393
394
395
398
403
405
406
407
408
409
410
411
413
415
417
418
419
420
421
422
423
424
425
426
427
428
429
433
436
438
439
440
441
442
443
445
446
447
448
449
450
451
453
454
456
457
458
459
460
461
462
