1
3
5
6
8
10
17
20
23
25
27
29
30
31
32
33
34
36
38
39
40
42
44
45
46
48
50
51
52
53
54
55
56
57
58
59
60
67
68
70
71
76
77
79
80
82
84
85
86
87
88
89
90
92
96
97
98
100
101
103
105
106
111
113
114
115
116
117
118
120
123
124
125
126
127
129
132
133
134
135
136
139
141
143
145
146
148
150
152
153
155
157
163
164
165
167
168
169
170
179
182
186
190
191
192
193
194
196
197
200
201
203
206
207
211
216
219
221
222
225
226
227
231
240
244
247
248
250
251
253
254
256
257
259
260
261
262
264
265
266
267
268
269
270
272
273
279
280
281
282
283
284
286
288
293
297
298
299
301
302
303
304
306
309
310
311
312
313
314
316
318
319
321
322
323
324
326
329
330
331
332
333
334
335
336
337
338
339
340
341
343
345
346
347
348
349
351
352
353
354
355
356
357
358
359
360
361
364
365
366
367
368
369
370
371
373
376
378
379
381
382
383
384
385
386
387
388
389
392
393
394
395
396
397
398
400
401
403
404
406
407
408
409
410
411
412
413
414
415
416
417
418
419
420
421
423
424
426
428
429
430
431
433
435
436
437
438
440
441
443
444
445
446
447
448
449
450
451
452
453
454
455
456
457
459
460
462
463
464
465
467
470
472
473
474
475
476
479
480
481
482
485
486
487
488
489
490
491
493
496
497
498
499
502
504
506
507
508
510
511
512
513
514
515
518
519
520
522
523
524
527
528
530
532
533
534
535
536
537
539
540
544
547
548
549
550
552
553
555
556
557
558
559
560
561
562
564
565
566
